------------------- three supports ----------------------
*** algorithm setting:
rate: 1e-05 iterations: 100000
*** game settings:
[0.2857 0.2857 0.1429 0.2857]
[0.2728 0.0909 0.3636 0.2727]
[[-44 -989 161 -639]
 [-95 -346 -695 610]
 [-407 -68 -849 -32]
 [669 -386 -639 157]]
[[664.0 985.0 -741.0 -352.0]
 [335.0 193.0 660.0 -386.0]
 [-554.0 -343.0 277.0 265.0]
 [-180.0 385.0 -118.0 795.0]]
*** We found:
EQPT: [0.2585, 0.0876, 0.6537, 0.0002] [0.0, 0.454, 0.4677, 0.0783]
VG: [5.3816, 0.0, 0.0, 0.0] [0.0, 0.0, 0.0, 1.0823]
VGS: 5.381642812613406629 1.0822573810010342847

------------------- three supports ----------------------
*** algorithm setting:
rate: 1e-05 iterations: 100000
*** game settings:
[0.5 0.125 0.125 0.25]
[0.3637 0.2727 0.1818 0.1818]
[[-375 474 -305 -116]
 [-780 -291 796 -640]
 [753 -720 -157 518]
 [672 515 -837 -101]]
[[205.0 897.0 680.0 -983.0]
 [465.0 -446.0 -123.0 713.0]
 [469.0 597.0 133.0 -493.0]
 [-794.0 -944.0 730.0 693.0]]
*** We found:
EQPT: [0.002, 0.0585, 0.7498, 0.1897] [0.329, 0.2517, 0.415, 0.0043]
VG: [0.0, 0.0, 0.758, 0.0162] [0.0, 12.006, 0.0955, 0.0]
VGS: 0.7741692417037963844 12.101539619143694054

---------------------------- perfect periodicity ------------------------
*** algorithm setting:
rate: 1e-05 iterations: 100000
*** game settings:
[0.3077 0.2308 0.1538 0.3077]
[0.2728 0.1818 0.2727 0.2727]
[[491 307 -211 -704]
 [-605 838 -192 366]
 [-340 720 -789 -95]
 [-564 676 -688 726]]
[[43.0 -501.0 -848.0 587.0]
 [919.0 -368.0 314.0 -466.0]
 [-559.0 -269.0 5.0 662.0]
 [-473.0 -489.0 499.0 -255.0]]
*** We found:
EQPT: [0.3602, 0.16, 0.0, 0.4798] [0.3358, 0.0, 0.124, 0.5402]
VG: [0.0, 6.0811, 0.0, 152.8326] [0.0, 0.0, 0.0039, 30.2339]
VGS: 158.91366842049341754 30.237753682602929173

-------------------- more iterations than usually for convergence -----------------
*** algorithm setting:
rate: 1e-05 iterations: 100000
*** game settings:
[0.1112 0.2222 0.3333 0.3333]
[0.4 0.2 0.2 0.2]
[[227 84 -821 560]
 [440 -872 -95 745]
 [-226 -884 415 -118]
 [388 648 313 603]]
[[-712.0 232.0 -268.0 715.0]
 [273.0 562.0 263.0 -207.0]
 [-418.0 587.0 292.0 422.0]
 [-609.0 -684.0 -922.0 -723.0]]
*** We found:
EQPT: [0.0003, 0.1659, 0.0008, 0.833] [0.9636, 0.0332, 0.0013, 0.0018]
VG: [0.0, 0.0, 0.0, 0.669] [1.1053, 0.0, 0.0, 0.0]
VGS: 0.66899754169161770867 1.1052964337351661728

------------------ 2 non-pure eq. pt. ---------------------------
*** algorithm setting:
rate: 1e-05 iterations: 100000
*** game settings:
[0.2728 0.3636 0.0909 0.2727]
[0.1 0.4 0.2 0.3]
[[289 526 671 713]
 [-563 -468 -796 901]
 [19 -465 817 -283]
 [-981 -350 -393 212]]
[[-914.0 -673.0 -222.0 188.0]
 [726.0 64.0 -651.0 567.0]
 [684.0 -401.0 598.0 -145.0]
 [-201.0 807.0 639.0 152.0]]
*** We found:
EQPT: [0.1265, 0.8727, 0.0002, 0.0006] [0.175, 0.0005, 0.0003, 0.8242]
VG: [0.0, 1.1579, 0.0, 0.0] [0.0, 0.0, 0.0, 0.7118]
VGS: 1.1578934610745607592 0.71182595685759531

