➜  eqpt_simulation git:(master) ✗ python find_eqpt_2p.py all_random
*** algorithm setting:
 rate: 1e-05 iterations: 100000
*** game settings
[0.16 0.08 0.08 0.04 0.16 0.04 0.08 0.16 0.12 0.08]
[0.1305 0.1304 0.1739 0.087 0.0435 0.1304 0.1304 0.1739]
[[-22 261 399 465 224 -792 212 384]
 [-155 -486 -593 -627 864 12 -329 91]
 [-403 -407 -472 -515 323 424 -927 941]
 [483 -969 824 -574 -469 159 -148 243]
 [-731 26 164 -475 443 681 -614 -268]
 [-127 -496 337 175 -797 400 190 -410]
 [-141 -566 747 -935 652 784 418 34]
 [-181 286 -841 -695 499 -669 -665 -617]
 [725 -455 684 669 -464 -756 -244 291]
 [383 720 865 665 -725 128 -806 274]]
[[410 -510 -883 -722 13 -781 136 978]
 [25 343 -37 -395 -742 -820 218 289]
 [14 882 129 271 -751 -391 -343 -541]
 [724 915 966 -887 883 -404 -192 577]
 [-662 370 -787 -675 -906 919 232 579]
 [237 29 -506 249 -684 -490 -313 -250]
 [858 285 -632 290 -633 735 88 909]
 [472 44 271 517 517 -778 -722 -807]
 [-392 -547 -794 -756 913 -593 -589 853]
 [780 38 -905 535 433 771 -487 -788]]
*** We found:
EQPT: [0.1935 0.2092 0.2064 0.0 0.0 0.0 0.0236 0.0 0.2061 0.1612] [0.301 0.0651 0.0 0.0 0.2488 0.0 0.0 0.385]
VG: [21.4715 0.0 102.0816 0.0 0.0 0.0 0.0 0.0 0.0 0.0] [38.8135 0.0 0.0 0.0 0.0 0.0 0.0 94.9019]
*** Lemke-Howson found:
/usr/lib/python3.7/site-packages/nashpy/algorithms/support_enumeration.py:196: RuntimeWarning:
An even number of (0) equilibria was returned. This
indicates that the game is degenerate. Consider using another algorithm
to investigate.

  warnings.warn(warning, RuntimeWarning)


➜  eqpt_simulation git:(master) ✗ python find_eqpt_2p.py all_random
*** algorithm setting:
 rate: 1e-05 iterations: 100000
*** game settings
[0.0743 0.1481 0.1111 0.037 0.1481 0.1111 0.1111 0.037 0.0741 0.1481]
[0.08 0.16 0.08 0.16 0.16 0.12 0.08 0.16]
[[694 117 612 63 -609 788 59 -393]
 [976 524 -197 195 -578 700 -106 -684]
 [-937 -444 -94 -370 693 -435 226 352]
 [544 553 -25 -393 980 -419 66 205]
 [-582 -506 884 811 -964 -966 -666 377]
 [539 1 -938 183 -448 462 -639 -924]
 [188 898 -77 -457 410 525 -425 -692]
 [-839 679 -825 642 -740 -587 -602 80]
 [-362 -467 403 217 368 70 559 -18]
 [615 814 966 -405 53 -682 745 -441]]
[[-201 774 754 869 353 794 617 871]
 [-189 674 -591 -977 381 728 968 909]
 [-712 358 321 143 948 887 -421 300]
 [229 351 531 -136 176 -163 -494 717]
 [-544 404 -841 325 -31 958 -428 594]
 [-926 962 -457 -527 90 106 262 -734]
 [-429 910 470 -361 -777 -349 -499 998]
 [443 420 -986 -863 927 319 -652 -628]
 [-176 -843 60 -518 74 950 806 -368]
 [-722 866 126 -174 -64 926 895 508]]
*** We found:
EQPT: [0.0001 0.0001 0.0 0.0062 0.0001 0.0 0.911 0.0767 0.0 0.0058] [0.0 0.781 0.0 0.0 0.0002 0.0001 0.0 0.2185]
VG: [0.0 0.0 0.0 0.0 0.0 0.0 0.9598 0.0 0.0 0.0] [0.0 0.6532 0.0 0.0 0.0 0.0 0.0 0.6641]
*** Lemke-Howson found:
/usr/lib/python3.7/site-packages/nashpy/algorithms/support_enumeration.py:196: RuntimeWarning:
An even number of (0) equilibria was returned. This
indicates that the game is degenerate. Consider using another algorithm
to investigate.

  warnings.warn(warning, RuntimeWarning)


➜  eqpt_simulation git:(master) ✗ python find_eqpt_2p.py all_random --rate .001
*** algorithm setting:
 rate: 0.001 iterations: 100000
*** game settings
[0.5 0.5]
[0.8 0.2]
[[493 819]
 [827 -769]]
[[930 616]
 [-880 -371]]
*** We found:
EQPT: [0.5776 0.4224] [0.8205 0.1795]
VG: [0.0 14.3402] [0.0 22.4794]
*** Lemke-Howson found:
EQPT 0:  [0.6185 0.3815] [0.8262 0.1738] SVG 0.0 0.0

➜  eqpt_simulation git:(master) ✗ python vector_update.py
[0.0416 0.1667 0.125  0.0833 0.125  0.0417 0.125  0.1667 0.0417 0.0833] [59 60 98 97 90 26 24 86 40 92]
[0.   0.   0.97 0.03 0.   0.   0.   0.   0.   0.  ]


➜  eqpt_simulation git:(master) ✗ python vector_update.py
[0.0869 0.087  0.087  0.1304 0.1304 0.0435 0.1739 0.1739 0.0435 0.0435] [89 32 93 71 86 27 26 93 12 65]
[0.  0.  0.5 0.  0.  0.  0.  0.5 0.  0. ]


➜  eqpt_simulation git:(master) ✗ python strategy_update.py
initial strategy:  [0.0571 0.0857 0.1143 0.0286 0.0286 0.0286 0.0571 0.0571 0.0286 0.0571
 0.0286 0.0571 0.0286 0.0571 0.0286 0.0286 0.1143 0.0286 0.0571 0.0286]
payoff: [93 10 93 26 93 48 89 22 39 27 89 88 43 41 78 21 30 13 85 20]
final strategy:
[0.33 0.   0.33 0.   0.33 0.   0.   0.   0.   0.   0.   0.   0.   0.
 0.   0.   0.   0.   0.   0.  ]

